Crisostomo 10001 373.04 62670.00 1500.00 1000.00 1000.00 31335.00
Mata,Christian 10002 255.80 42975.00 1500.00 800.00 800.00 21487.50
San_Jose,Brad 10003 255.80 42975.00 1500.00 800.00 800.00 21487.50
Salcedo,Anthony 10004 362.05 60825.00 1500.00 1000.00 1000.00 30412.50
Romualdez,Alice 10005 133.93 22500.00 1500.00 500.00 500.00 11250.00
Atienza,Rosie 10006 133.93 22500.00 1500.00 500.00 500.00 11250.00
Farala,Martha 10007 142.86 24000.00 1500.00 500.00 500.00 12000.00
Martinez,Leila 10008 142.86 24000.00 1500.00 500.00 500.00 12000.00
San_Jose,Allison 10009 133.93 22500.00 1500.00 500.00 500.00 11250.00
Rosario,Cydney 10010 133.93 22500.00 1500.00 500.00 500.00 11250.00
