Crisostomo,Jose 10001 8.00	0.00	8.00	8.00 8.00	8.00	8.00	8.00	0.00	8.00	8.00	8.00	8.00	8.00	8.00	0.00	8.00	8.00	8.00	8.00	8.00	8.00	0.00	8.00	8.00	8.00	8.00	8.00
Mata,Christian 10002 8.00	0.00	8.00	8.00	8.00	8.00	8.00	8.00	0.00	8.00	8.00	8.00	8.00	8.00	8.00	0.00	8.00	8.00	8.00	8.00	8.00	8.00	0.00	8.00	8.00	8.00	8.00	8.00
San_Jose,Brad 10003 8.00	0.00	8.00	8.00	8.00	8.00	8.00	8.00	0.00	8.00	8.00	8.00	8.00	8.00	8.00	0.00	8.00	8.00	8.00	8.00	8.00	8.00	0.00	8.00	8.00	8.00	8.00	8.00
Salcedo,Anthony 10004 8.00	0.00	8.00	8.00	8.00	8.00	8.00	8.00	0.00	8.00	8.00	8.00	8.00	8.00	8.00	0.00	8.00	8.00	8.00	8.00	8.00	8.00	0.00	8.00	8.00	8.00	8.00	8.00
Romualdez,Alice 10005 8.00 4.00 8.00 8.00 8.00 8.00 8.00 8.00 2.00 8.00 8.00 0.00	8.00	8.00	8.00	0.00	8.00	8.00	8.00	8.00	8.00	8.00	0.00	8.00	8.00	8.00	8.00	8.00
Atienza,Rosie 10006	8.00	0.00	8.00	8.00	8.00	8.00	8.00	8.00	0.00	8.00	8.00	8.00	8.00	8.00	8.00	0.00	8.00	8.00	8.00	8.00	8.00	8.00	0.00	8.00	8.00	8.00	8.00	8.00
Farala,Martha 10007	8.00	0.00	8.00	8.00	8.00	8.00	8.00	8.00	0.00	8.00	8.00	8.00	8.00	8.00	8.00	0.00	8.00	8.00	8.00	8.00	8.00	8.00	0.00	8.00	8.00	8.00	8.00	8.00
Martinez,Leila 10008 8.00	0.00	8.00	8.00	8.00	8.00	8.00	8.00	0.00	8.00	8.00	8.00	8.00	8.00	8.00	0.00	8.00	8.00	8.00	8.00	8.00	8.00	0.00	8.00	8.00	8.00	8.00	8.00
San_Jose,Allison 10009 0.00	0.00	8.00	8.00	8.00	8.00	8.00	8.00	0.00	8.00	8.00	8.00	8.00	8.00	8.00	0.00	8.00	8.00	8.00	8.00	8.00	8.00	0.00	8.00	8.00	8.00	8.00	8.00
Rosario,Cydney 10010 8.00 0.00 8.00	8.00 8.00 8.00 8.00 8.00 0.00 8.00 8.00 8.00 8.00 8.00 8.00 0.00 8.00 8.00 8.00 8.00 8.00 8.00 0.00	8.00	8.00	8.00	8.00	8.00
